10001117
00010113
22800513
10000597
00458593
10000617
ffc60613
00c5fc63
00052283
0055a023
00450513
00458593
fedff06f
10000517
fdc50513
10000597
fd458593
00b57863
00052023
00450513
ff5ff06f
048000ef
0000006f
fd010113
02812623
03010413
fca42e23
100007b7
fef42623
fdc42703
000107b7
fff78793
00f77733
bad007b7
00f76733
fec42783
00e7a023
00000013
ffdff06f
fd010113
02112623
02812423
03010413
100007b7
fef42223
fe042623
0300006f
fec42783
fcf42e23
fec42783
00279793
fe442703
00f707b3
fdc42703
00e7a023
fec42783
00178793
fef42623
fec42703
00900793
fce7d6e3
fe042423
0580006f
fe842783
00279793
fe442703
00f707b3
0007a683
fe842783
00279793
fe442703
00f707b3
0007a703
fe842603
fec42783
00f607b3
00279793
fe442603
00f607b3
00e68733
00e7a023
fe842783
00178793
fef42423
fe842703
00900793
fae7d2e3
fe042423
03c0006f
fe842783
00279793
fe442703
00f707b3
0007a783
00078713
fe842783
00e78863
fe842783
00078513
ed1ff0ef
fe842783
00178793
fef42423
fe842703
00900793
fce7d0e3
fe042423
0580006f
fe842783
00179793
fef42023
fe842703
fec42783
00f707b3
00279793
fe442703
00f707b3
0007a783
00078713
fe042783
00e78c63
fe842703
fec42783
00f707b3
00078513
e69ff0ef
fe842783
00178793
fef42423
fe842703
00900793
fae7d2e3
fe442783
deadc737
eef70713
00e7a023
00000013
ffdff06f
00000013
00000013
00000013
00000013
00000013
00000013
00000013
00000013
00000013
00000013
00000013
00000013
00000013
00000013
00000013
00000013
00000013
00000013
00000013
00000013
00000013
00000013
00000013
00000013
00000013
00000013
00000013
00000013
00000013
00000013
00000013
00000013
00000013
00000013
00000013
00000013
00000013
00000013
00000013
00000013
00000013
00000013
00000013
00000013
00000013
00000013
00000013
00000013
00000013
00000013
00000013
00000013
00000013
00000013
00000013
00000013
00000013
00000013
00000013
00000013
00000013
00000013
00000013
00000013
00000013
00000013
00000013
00000013
00000013
00000013
00000013
00000013
00000013
00000013
00000013
00000013
00000013
00000013
00000013
00000013
00000013
00000013
00000013
00000013
00000013
00000013
00000013
00000013
00000013
00000013
00000013
00000013
00000013
00000013
00000013
00000013
00000013
00000013
00000013
00000013
00000013
00000013
00000013
00000013
00000013
00000013
00000013
00000013
00000013
00000013
00000013
00000013
00000013
00000013
00000013
00000013
00000013
00000013
00000013
00000013
00000013
00000013
00000013
00000013
00000013
00000013
00000013
00000013
00000013
00000013
00000013
00000013
00000013
00000013
00000013
00000013
00000013
00000013
00000013
00000013
00000013
00000013
00000013
00000013
00000013
00000013
00000013
00000013
00000013
00000013
00000013
00000013
00000013
00000013
00000013
00000013
00000013
00000013
00000013
00000013
00000013
00000013
00000013
00000013
00000013
00000013
00000013
00000013
00000013
00000013
00000013
00000013
00000013
00000013
00000013
00000013
00000013
00000013
00000013
00000013
00000013
00000013
00000013
00000013
00000013
00000013
00000013
00000013
00000013
00000013
00000013
00000013
00000013
00000013
00000013
00000013
00000013
00000013
00000013
00000013
00000013
00000013
00000013
00000013
00000013
00000013
00000013
00000013
00000013
00000013
00000013
00000013
00000013
00000013
00000013
00000013
00000013
00000013
00000013
00000013
00000013
00000013
00000013
00000013
00000013
00000013
00000013
00000013
00000013
00000013
00000013
00000013
00000013
00000013
00000013
00000013
00000013
00000013
00000013
00000013
00000013
00000013
00000013
00000013
00000013
00000013
00000013
00000013
00000013
00000013
00000013
00000013
00000013
00000013
00000013
00000013
00000013
00000013
00000013
00000013
00000013
00000013
00000013
00000013
00000013
00000013
00000013
00000013
00000013
00000013
00000013
00000013
00000013
00000013
00000013
00000013
00000013
00000013
00000013
00000013
00000013
00000013
00000013
00000013
00000013
00000013
00000013
00000013
00000013
00000013
00000013
00000013
00000013
00000013
00000013
00000013
00000013
00000013
00000013
00000013
00000013
00000013
00000013
00000013
00000013
00000013
00000013
00000013
00000013
00000013
00000013
00000013
00000013
00000013
00000013
00000013
00000013
00000013
00000013
00000013
00000013
00000013
00000013
00000013
00000013
00000013
00000013
00000013
00000013
00000013
00000013
00000013
00000013
00000013
00000013
00000013
00000013
00000013
00000013
00000013
00000013
00000013
00000013
00000013
00000013
00000013
00000013
00000013
00000013
00000013
00000013
00000013
00000013
00000013
00000013
00000013
00000013
00000013
00000013
00000013
00000013
00000013
00000013
00000013
00000013
00000013
00000013
00000013
00000013
00000013
00000013
00000013
00000013
00000013
00000013
00000013
00000013
00000013
00000013
00000013
00000013
00000013
00000013
00000013
00000013
00000013
00000013
00000013
00000013
00000013
00000013
00000013
00000013
00000013
00000013
00000013
00000013
00000013
00000013
00000013
00000013
00000013
00000013
00000013
00000013
00000013
00000013
00000013
00000013
00000013
00000013
00000013
00000013
00000013
00000013
00000013
00000013
00000013
00000013
00000013
00000013
00000013
00000013
00000013
00000013
00000013
00000013
00000013
00000013
00000013
00000013
00000013
00000013
00000013
00000013
00000013
00000013
00000013
00000013
00000013
00000013
00000013
00000013
00000013
00000013
00000013
00000013
00000013
00000013
00000013
00000013
00000013
00000013
00000013
00000013
00000013
00000013
00000013
00000013
00000013
00000013
00000013
00000013
00000013
00000013
00000013
00000013
00000013
00000013
00000013
00000013
00000013
00000013
00000013
00000013
00000013
00000013
00000013
00000013
00000013
00000013
00000013
00000013
00000013
00000013
00000013
00000013
00000013
00000013
00000013
00000013
00000013
00000013
00000013
00000013
00000013
00000013
00000013
00000013
00000013
00000013
00000013
00000013
00000013
00000013
00000013
00000013
00000013
00000013
00000013
00000013
00000013
00000013
00000013
00000013
00000013
00000013
00000013
00000013
00000013
00000013
00000013
00000013
00000013
00000013
00000013
00000013
00000013
00000013
00000013
00000013
00000013
00000013
00000013
00000013
00000013
00000013
00000013
00000013
00000013
00000013
00000013
00000013
00000013
00000013
00000013
00000013
00000013
00000013
00000013
00000013
00000013
00000013
00000013
00000013
00000013
00000013
00000013
00000013
00000013
00000013
00000013
00000013
00000013
00000013
00000013
00000013
00000013
00000013
00000013
00000013
00000013
00000013
00000013
00000013
00000013
00000013
00000013
00000013
00000013
00000013
00000013
00000013
00000013
00000013
00000013
00000013
00000013
00000013
00000013
00000013
00000013
00000013
00000013
00000013
00000013
00000013
00000013
00000013
00000013
00000013
00000013
00000013
00000013
00000013
00000013
00000013
00000013
00000013
00000013
00000013
00000013
00000013
00000013
00000013
00000013
00000013
00000013
00000013
00000013
00000013
00000013
00000013
00000013
00000013
00000013
00000013
00000013
00000013
00000013
00000013
00000013
00000013
00000013
00000013
00000013
00000013
00000013
00000013
00000013
00000013
00000013
00000013
00000013
00000013
00000013
00000013
00000013
00000013
00000013
00000013
00000013
00000013
00000013
00000013
00000013
00000013
00000013
00000013
00000013
00000013
00000013
00000013
00000013
00000013
00000013
00000013
00000013
00000013
00000013
00000013
00000013
00000013
00000013
00000013
00000013
00000013
00000013
00000013
00000013
00000013
00000013
00000013
00000013
00000013
00000013
00000013
00000013
00000013
00000013
00000013
00000013
00000013
00000013
00000013
00000013
00000013
00000013
00000013
00000013
00000013
00000013
00000013
00000013
00000013
00000013
00000013
00000013
00000013
00000013
00000013
00000013
00000013
00000013
00000013
00000013
00000013
00000013
00000013
00000013
00000013
00000013
00000013
00000013
00000013
00000013
00000013
00000013
00000013
00000013
00000013
00000013
00000013
00000013
00000013
00000013
00000013
00000013
00000013
00000013
00000013
00000013
00000013
00000013
00000013
00000013
00000013
00000013
00000013
00000013
00000013
00000013
00000013
00000013
00000013
00000013
00000013
00000013
00000013
00000013
00000013
00000013
00000013
00000013
00000013
00000013
00000013
00000013
00000013
00000013
00000013
00000013
00000013
00000013
00000013
00000013
00000013
00000013
00000013
00000013
00000013
00000013
00000013
00000013
00000013
00000013
00000013
00000013
00000013
00000013
00000013
00000013
00000013
00000013
00000013
00000013
00000013
00000013
00000013
00000013
00000013
00000013
00000013
00000013
00000013
00000013
00000013
00000013
00000013
00000013
00000013
00000013
00000013
00000013
00000013
00000013
00000013
00000013
00000013
00000013
00000013
00000013
00000013
00000013
00000013
00000013
00000013
00000013
00000013
00000013
00000013
00000013
00000013
00000013
00000013
00000013
00000013
00000013
00000013
00000013
00000013
00000013
00000013
00000013
00000013
00000013
00000013
00000013
00000013
00000013
00000013
00000013
00000013
00000013
00000013
00000013
00000013
00000013
00000013
00000013
00000013
00000013
00000013
00000013
00000013
00000013
00000013
00000013
00000013
00000013
00000013
00000013
00000013
00000013
00000013
00000013
00000013
00000013
00000013
00000013
00000013
00000013
00000013
00000013
00000013
00000013
